local char = game.Players.LocalPlayer.Character
local hum = char:WaitForChild('Humanoid')
local hrp = char:WaitForChild('HumanoidRootPart')
local data = {{0.01,CFrame.new(94.198,53.775,-55.872,-0.396,-0.000,0.918,-0.000,1.000,0.000,-0.918,-0.000,-0.396),false},{0.03,CFrame.new(94.198,53.775,-55.872,-0.396,-0.000,0.918,0.000,1.000,0.000,-0.918,0.000,-0.396),false},{0.05,CFrame.new(94.198,53.775,-55.872,-0.396,-0.000,0.918,0.000,1.000,0.000,-0.918,0.000,-0.396),false},{0.06,CFrame.new(94.198,53.775,-55.872,-0.396,-0.000,0.918,0.000,1.000,0.000,-0.918,0.000,-0.396),false},{0.08,CFrame.new(94.198,53.775,-55.872,-0.396,-0.000,0.918,0.000,1.000,0.000,-0.918,0.000,-0.396),false},{0.10,CFrame.new(94.198,53.775,-55.872,-0.396,0.000,0.918,0.000,1.000,0.000,-0.918,0.000,-0.396),false},{0.11,CFrame.new(94.198,53.775,-55.872,-0.396,0.000,0.918,0.000,1.000,-0.000,-0.918,0.000,-0.396),false},{0.14,CFrame.new(94.198,53.775,-55.872,-0.396,0.000,0.918,0.000,1.000,-0.000,-0.918,-0.000,-0.396),false},{0.15,CFrame.new(94.198,53.775,-55.872,-0.396,0.000,0.918,0.000,1.000,-0.000,-0.918,-0.000,-0.396),false},{0.17,CFrame.new(94.198,53.775,-55.872,-0.396,0.000,0.918,0.000,1.000,-0.000,-0.918,-0.000,-0.396),false},{0.18,CFrame.new(94.198,53.775,-55.872,-0.396,0.000,0.918,-0.000,1.000,-0.000,-0.918,-0.000,-0.396),false},{0.20,CFrame.new(94.198,53.775,-55.872,-0.396,0.000,0.918,-0.000,1.000,-0.000,-0.918,-0.000,-0.396),false},{0.22,CFrame.new(94.198,53.775,-55.872,-0.396,-0.000,0.918,-0.000,1.000,0.000,-0.918,-0.000,-0.396),false},{0.23,CFrame.new(94.198,53.775,-55.872,-0.396,-0.000,0.918,-0.000,1.000,0.000,-0.918,-0.000,-0.396),false},{0.25,CFrame.new(94.198,53.775,-55.872,-0.396,-0.000,0.918,-0.000,1.000,0.000,-0.918,0.000,-0.396),false},{0.26,CFrame.new(94.198,53.775,-55.872,-0.396,-0.000,0.918,-0.000,1.000,0.000,-0.918,0.000,-0.396),false},{0.28,CFrame.new(94.087,53.775,-55.822,-0.396,-0.000,0.918,-0.000,1.000,0.000,-0.918,0.000,-0.396),false},{0.30,CFrame.new(93.803,53.775,-55.685,-0.396,-0.000,0.918,-0.000,1.000,0.000,-0.918,0.000,-0.396),false},{0.31,CFrame.new(93.355,53.775,-55.450,-0.396,-0.000,0.918,0.000,1.000,0.000,-0.918,0.000,-0.396),false},{0.33,CFrame.new(92.843,53.775,-55.176,-0.396,0.000,0.918,0.000,1.000,-0.000,-0.918,0.000,-0.396),false},{0.35,CFrame.new(92.329,53.775,-54.901,-0.396,0.000,0.918,0.000,1.000,-0.000,-0.918,0.000,-0.396),false},{0.36,CFrame.new(91.812,53.775,-54.629,-0.396,0.000,0.918,0.000,1.000,-0.000,-0.918,0.000,-0.396),false},{0.38,CFrame.new(91.296,53.775,-54.358,-0.396,0.000,0.918,0.000,1.000,-0.000,-0.918,0.000,-0.396),false},{0.40,CFrame.new(90.779,53.775,-54.088,-0.396,0.000,0.918,0.000,1.000,-0.000,-0.918,0.000,-0.396),false},{0.41,CFrame.new(90.262,53.774,-53.818,-0.396,0.000,0.918,0.000,1.000,-0.000,-0.918,-0.000,-0.396),false},{0.43,CFrame.new(89.744,53.774,-53.549,-0.396,-0.000,0.918,-0.000,1.000,0.000,-0.918,-0.000,-0.396),false},{0.45,CFrame.new(89.226,53.774,-53.281,-0.396,-0.000,0.918,-0.000,1.000,0.000,-0.918,-0.000,-0.396),false},{0.46,CFrame.new(88.708,53.774,-53.012,-0.396,-0.000,0.918,-0.000,1.000,0.000,-0.918,-0.000,-0.396),false},{0.49,CFrame.new(88.190,53.774,-52.745,-0.396,-0.000,0.918,-0.000,1.000,0.000,-0.918,-0.000,-0.396),false},{0.50,CFrame.new(87.672,53.774,-52.477,-0.396,-0.000,0.918,-0.000,1.000,0.000,-0.918,-0.000,-0.396),false},{0.51,CFrame.new(87.153,53.774,-52.210,-0.396,-0.000,0.918,-0.000,1.000,0.000,-0.918,-0.000,-0.396),false},{0.53,CFrame.new(86.635,53.774,-51.942,-0.396,-0.000,0.918,-0.000,1.000,0.000,-0.918,0.000,-0.396),false},{0.55,CFrame.new(86.116,53.774,-51.675,-0.396,0.000,0.918,0.000,1.000,-0.000,-0.918,0.000,-0.396),false},{0.56,CFrame.new(85.598,53.774,-51.408,-0.396,0.000,0.918,0.000,1.000,-0.000,-0.918,0.000,-0.396),false},{0.58,CFrame.new(85.079,53.707,-51.141,-0.396,0.000,0.918,0.000,1.000,-0.000,-0.918,0.000,-0.396),false},{0.60,CFrame.new(84.561,53.576,-50.873,-0.396,0.000,0.918,0.000,1.000,-0.000,-0.918,0.000,-0.396),false},{0.61,CFrame.new(84.042,53.390,-50.606,-0.396,0.000,0.918,0.000,1.000,-0.000,-0.918,0.000,-0.396),false},{0.63,CFrame.new(83.524,53.150,-50.339,-0.396,0.000,0.918,0.000,1.000,-0.000,-0.918,0.000,-0.396),false},{0.65,CFrame.new(83.005,52.855,-50.072,-0.396,-0.000,0.918,-0.000,1.000,0.000,-0.918,-0.000,-0.396),false},{0.66,CFrame.new(82.486,52.699,-49.806,-0.396,-0.000,0.918,-0.000,1.000,0.000,-0.918,-0.000,-0.396),false},{0.68,CFrame.new(81.967,52.715,-49.539,-0.396,-0.000,0.918,-0.000,1.000,0.000,-0.918,-0.000,-0.396),false},{0.70,CFrame.new(81.448,52.740,-49.273,-0.396,-0.000,0.918,-0.000,1.000,0.000,-0.918,-0.000,-0.396),false},{0.71,CFrame.new(80.929,52.756,-49.007,-0.396,-0.000,0.918,-0.000,1.000,0.000,-0.918,-0.000,-0.396),false},{0.73,CFrame.new(80.410,52.765,-48.741,-0.396,-0.000,0.918,-0.000,1.000,0.000,-0.918,-0.000,-0.396),false},{0.75,CFrame.new(79.890,52.770,-48.475,-0.396,-0.000,0.918,-0.000,1.000,0.000,-0.918,-0.000,-0.396),false},{0.76,CFrame.new(79.371,52.773,-48.210,-0.396,0.000,0.918,0.000,1.000,-0.000,-0.918,0.000,-0.396),false},{0.78,CFrame.new(78.852,52.775,-47.944,-0.396,0.000,0.918,0.000,1.000,-0.000,-0.918,0.000,-0.396),false},{0.80,CFrame.new(78.332,52.775,-47.679,-0.396,0.000,0.918,0.000,1.000,-0.000,-0.918,0.000,-0.396),false},{0.81,CFrame.new(77.813,52.776,-47.413,-0.396,0.000,0.918,0.000,1.000,-0.000,-0.918,0.000,-0.396),false},{0.83,CFrame.new(77.294,52.776,-47.147,-0.396,0.000,0.918,0.000,1.000,-0.000,-0.918,0.000,-0.396),false},{0.85,CFrame.new(76.774,52.776,-46.882,-0.396,0.000,0.918,0.000,1.000,-0.000,-0.918,0.000,-0.396),false},{0.86,CFrame.new(76.255,52.776,-46.616,-0.396,-0.000,0.918,-0.000,1.000,0.000,-0.918,-0.000,-0.396),false},{0.88,CFrame.new(75.735,52.776,-46.351,-0.396,-0.000,0.918,-0.000,1.000,0.000,-0.918,-0.000,-0.396),false},{0.90,CFrame.new(75.216,52.776,-46.085,-0.396,-0.000,0.918,-0.000,1.000,0.000,-0.918,-0.000,-0.396),false},{0.91,CFrame.new(74.697,52.776,-45.820,-0.396,-0.000,0.918,-0.000,1.000,0.000,-0.918,-0.000,-0.396),false},{0.93,CFrame.new(74.177,52.776,-45.554,-0.396,-0.000,0.918,-0.000,1.000,0.000,-0.918,-0.000,-0.396),false},{0.95,CFrame.new(73.658,52.776,-45.289,-0.396,-0.000,0.918,-0.000,1.000,0.000,-0.918,-0.000,-0.396),false},{0.96,CFrame.new(73.139,52.776,-45.023,-0.396,-0.000,0.918,-0.000,1.000,0.000,-0.918,-0.000,-0.396),false},{0.98,CFrame.new(72.619,52.776,-44.758,-0.396,0.000,0.918,0.000,1.000,-0.000,-0.918,0.000,-0.396),false},{1.00,CFrame.new(72.100,52.776,-44.492,-0.396,0.000,0.918,0.000,1.000,-0.000,-0.918,0.000,-0.396),false},{1.02,CFrame.new(71.580,52.776,-44.227,-0.396,0.000,0.918,0.000,1.000,-0.000,-0.918,0.000,-0.396),false},{1.03,CFrame.new(71.060,52.776,-43.962,-0.396,0.000,0.918,0.000,1.000,-0.000,-0.918,0.000,-0.396),false},{1.05,CFrame.new(70.541,52.776,-43.697,-0.396,0.000,0.918,0.000,1.000,-0.000,-0.918,0.000,-0.396),false},{1.06,CFrame.new(70.021,52.776,-43.432,-0.396,0.000,0.918,0.000,1.000,-0.000,-0.918,0.000,-0.396),false},{1.08,CFrame.new(69.501,52.776,-43.167,-0.396,-0.000,0.918,-0.000,1.000,0.000,-0.918,-0.000,-0.396),false},{1.10,CFrame.new(68.981,52.776,-42.903,-0.396,-0.000,0.918,-0.000,1.000,0.000,-0.918,-0.000,-0.396),false},{1.11,CFrame.new(68.462,52.776,-42.638,-0.396,-0.000,0.918,-0.000,1.000,0.000,-0.918,-0.000,-0.396),false},{1.13,CFrame.new(67.942,52.776,-42.373,-0.396,-0.000,0.918,-0.000,1.000,0.000,-0.918,-0.000,-0.396),false},{1.15,CFrame.new(67.423,52.776,-42.106,-0.396,-0.000,0.918,-0.000,1.000,0.000,-0.918,-0.000,-0.396),false},{1.16,CFrame.new(66.905,52.776,-41.838,-0.396,-0.000,0.918,-0.000,1.000,0.000,-0.918,-0.000,-0.396),false},{1.18,CFrame.new(66.387,52.776,-41.571,-0.396,-0.000,0.918,-0.000,1.000,0.000,-0.918,-0.000,-0.396),false},{1.20,CFrame.new(65.868,52.776,-41.303,-0.396,0.000,0.918,0.000,1.000,-0.000,-0.918,0.000,-0.396),false},{1.22,CFrame.new(65.350,52.776,-41.035,-0.396,0.000,0.918,0.000,1.000,-0.000,-0.918,0.000,-0.396),false},{1.23,CFrame.new(64.832,52.776,-40.768,-0.396,0.000,0.918,0.000,1.000,-0.000,-0.918,0.000,-0.396),false},{1.25,CFrame.new(64.313,52.776,-40.500,-0.396,0.000,0.918,0.000,1.000,-0.000,-0.918,0.000,-0.396),false},{1.27,CFrame.new(63.795,52.776,-40.233,-0.396,0.000,0.918,0.000,1.000,-0.000,-0.918,0.000,-0.396),false},{1.28,CFrame.new(63.277,52.776,-39.965,-0.396,0.000,0.918,0.000,1.000,-0.000,-0.918,0.000,-0.396),false},{1.30,CFrame.new(62.758,52.776,-39.698,-0.396,-0.000,0.918,-0.000,1.000,0.000,-0.918,-0.000,-0.396),false},{1.32,CFrame.new(62.240,52.776,-39.430,-0.396,-0.000,0.918,-0.000,1.000,0.000,-0.918,-0.000,-0.396),false},{1.33,CFrame.new(61.722,52.776,-39.162,-0.396,-0.000,0.918,-0.000,1.000,0.000,-0.918,-0.000,-0.396),false},{1.35,CFrame.new(61.203,52.776,-38.895,-0.396,-0.000,0.918,-0.000,1.000,0.000,-0.918,-0.000,-0.396),false},{1.37,CFrame.new(60.685,52.776,-38.627,-0.396,-0.000,0.918,-0.000,1.000,0.000,-0.918,-0.000,-0.396),false},{1.39,CFrame.new(60.166,52.776,-38.360,-0.402,-0.000,0.916,-0.000,1.000,0.000,-0.916,-0.000,-0.402),false},{1.40,CFrame.new(59.649,52.776,-38.090,-0.413,-0.000,0.911,-0.000,1.000,0.000,-0.911,-0.000,-0.413),false},{1.42,CFrame.new(59.135,52.776,-37.814,-0.424,0.000,0.905,0.000,1.000,-0.000,-0.905,0.000,-0.424),false},{1.44,CFrame.new(58.497,52.776,-37.462,-0.424,0.000,0.905,0.000,1.000,-0.000,-0.905,0.000,-0.424),false},{1.45,CFrame.new(57.987,52.776,-37.179,-0.430,0.000,0.903,0.000,1.000,-0.000,-0.903,0.000,-0.430),false},{1.47,CFrame.new(57.605,52.776,-36.965,-0.430,0.000,0.903,0.000,1.000,-0.000,-0.903,0.000,-0.430),false},{1.49,CFrame.new(57.097,52.776,-36.679,-0.430,0.000,0.903,0.000,1.000,-0.000,-0.903,0.000,-0.430),false},{1.51,CFrame.new(56.207,52.776,-36.178,-0.430,0.000,0.903,0.000,1.000,-0.000,-0.903,0.000,-0.430),false},{1.53,CFrame.new(55.826,52.776,-35.964,-0.430,-0.000,0.903,-0.000,1.000,0.000,-0.903,-0.000,-0.430),false},{1.55,CFrame.new(55.190,52.776,-35.607,-0.430,-0.000,0.903,-0.000,1.000,0.000,-0.903,-0.000,-0.430),false},{1.58,CFrame.new(54.300,52.776,-35.108,-0.430,-0.000,0.903,-0.000,1.000,0.000,-0.903,-0.000,-0.430),false},{1.61,CFrame.new(53.409,52.777,-34.609,-0.430,-0.000,0.903,-0.000,1.000,0.000,-0.903,-0.000,-0.430),false},{1.62,CFrame.new(52.901,52.777,-34.321,-0.436,-0.000,0.900,-0.000,1.000,0.000,-0.900,-0.000,-0.436),false},{1.64,CFrame.new(52.395,52.777,-34.031,-0.436,0.000,0.900,0.000,1.000,-0.000,-0.900,0.000,-0.436),false},{1.66,CFrame.new(52.016,52.777,-33.813,-0.436,0.000,0.900,0.000,1.000,-0.000,-0.900,0.000,-0.436),false},{1.67,CFrame.new(51.384,52.777,-33.450,-0.436,0.000,0.900,0.000,1.000,-0.000,-0.900,0.000,-0.436),false},{1.69,CFrame.new(51.004,52.777,-33.232,-0.436,0.000,0.900,0.000,1.000,-0.000,-0.900,0.000,-0.436),false},{1.70,CFrame.new(50.499,52.777,-32.941,-0.436,0.000,0.900,0.000,1.000,-0.000,-0.900,0.000,-0.436),false},{1.72,CFrame.new(49.993,52.777,-32.651,-0.436,0.000,0.900,0.000,1.000,-0.000,-0.900,0.000,-0.436),false},{1.73,CFrame.new(49.487,52.771,-32.360,-0.436,0.000,0.900,0.000,1.000,-0.000,-0.900,-0.000,-0.436),false},{1.75,CFrame.new(48.981,52.772,-32.069,-0.436,-0.000,0.900,-0.000,1.000,0.000,-0.900,-0.000,-0.436),false},{1.77,CFrame.new(48.476,52.774,-31.779,-0.436,-0.000,0.900,-0.000,1.000,0.000,-0.900,-0.000,-0.436),false},{1.79,CFrame.new(47.843,52.775,-31.415,-0.436,-0.000,0.900,-0.000,1.000,0.000,-0.900,-0.000,-0.436),false},{1.80,CFrame.new(47.464,52.776,-31.197,-0.436,-0.000,0.900,-0.000,1.000,0.000,-0.900,-0.000,-0.436),false},{1.82,CFrame.new(46.958,52.776,-30.907,-0.436,-0.000,0.900,-0.000,1.000,0.000,-0.900,-0.000,-0.436),false},{1.84,CFrame.new(46.452,52.776,-30.616,-0.436,-0.000,0.900,-0.000,1.000,0.000,-0.900,-0.000,-0.436),false},{1.86,CFrame.new(45.694,52.776,-30.181,-0.436,0.000,0.900,0.000,1.000,-0.000,-0.900,0.000,-0.436),false},{1.87,CFrame.new(45.314,52.776,-29.963,-0.436,0.000,0.900,0.000,1.000,-0.000,-0.900,0.000,-0.436),false},{1.88,CFrame.new(44.935,52.776,-29.745,-0.436,0.000,0.900,0.000,1.000,-0.000,-0.900,0.000,-0.436),false},{1.90,CFrame.new(44.429,52.776,-29.455,-0.436,0.000,0.900,0.000,1.000,-0.000,-0.900,0.000,-0.436),false},{1.92,CFrame.new(43.923,52.776,-29.165,-0.436,0.000,0.900,0.000,1.000,-0.000,-0.900,0.000,-0.436),false},{1.93,CFrame.new(43.417,52.776,-28.875,-0.441,0.000,0.897,0.000,1.000,-0.000,-0.897,0.000,-0.441),false},{1.95,CFrame.new(42.912,52.776,-28.582,-0.447,0.000,0.895,0.000,1.000,-0.000,-0.895,-0.000,-0.447),false},{1.97,CFrame.new(42.410,52.776,-28.286,-0.447,-0.000,0.895,-0.000,1.000,0.000,-0.895,-0.000,-0.447),false},{1.98,CFrame.new(41.907,52.776,-27.989,-0.452,-0.000,0.892,-0.000,1.000,0.000,-0.892,-0.000,-0.452),false},{2.00,CFrame.new(41.406,52.776,-27.690,-0.458,-0.000,0.889,-0.000,1.000,0.000,-0.889,-0.000,-0.458),false},{2.02,CFrame.new(40.908,52.776,-27.388,-0.458,-0.000,0.889,-0.000,1.000,0.000,-0.889,-0.000,-0.458),false},{2.03,CFrame.new(40.409,52.776,-27.085,-0.458,-0.000,0.889,-0.000,1.000,0.000,-0.889,-0.000,-0.458),false},{2.05,CFrame.new(39.910,52.776,-26.782,-0.458,-0.000,0.889,-0.000,1.000,0.000,-0.889,-0.000,-0.458),false},{2.06,CFrame.new(39.412,52.776,-26.479,-0.458,0.000,0.889,0.000,1.000,-0.000,-0.889,0.000,-0.458),false},{2.08,CFrame.new(38.913,52.776,-26.177,-0.458,0.000,0.889,0.000,1.000,-0.000,-0.889,0.000,-0.458),false},{2.10,CFrame.new(38.414,52.776,-25.874,-0.458,0.000,0.889,0.000,1.000,-0.000,-0.889,0.000,-0.458),false},{2.11,CFrame.new(37.916,52.776,-25.571,-0.458,0.000,0.889,0.000,1.000,-0.000,-0.889,0.000,-0.458),false},{2.13,CFrame.new(37.417,52.776,-25.268,-0.458,0.000,0.889,0.000,1.000,-0.000,-0.889,0.000,-0.458),false},{2.15,CFrame.new(36.919,52.776,-24.966,-0.458,0.000,0.889,0.000,1.000,-0.000,-0.889,0.000,-0.458),false},{2.16,CFrame.new(36.420,52.776,-24.663,-0.458,0.000,0.889,0.000,1.000,-0.000,-0.889,0.000,-0.458),false},{2.18,CFrame.new(35.921,52.770,-24.360,-0.458,-0.000,0.889,-0.000,1.000,0.000,-0.889,-0.000,-0.458),false},{2.20,CFrame.new(35.423,52.772,-24.057,-0.458,-0.000,0.889,-0.000,1.000,0.000,-0.889,-0.000,-0.458),false},{2.21,CFrame.new(34.924,52.774,-23.755,-0.458,-0.000,0.889,-0.000,1.000,0.000,-0.889,-0.000,-0.458),false},{2.23,CFrame.new(34.432,52.741,-23.456,-0.458,-0.000,0.889,-0.000,1.000,0.000,-0.889,-0.000,-0.458),false},{2.25,CFrame.new(33.964,52.627,-23.172,-0.458,-0.000,0.889,-0.000,1.000,0.000,-0.889,-0.000,-0.458),false},{2.27,CFrame.new(33.583,52.455,-22.940,-0.458,-0.000,0.889,-0.000,1.000,0.000,-0.889,-0.000,-0.458),false},{2.28,CFrame.new(33.288,52.230,-22.761,-0.458,0.000,0.889,0.000,1.000,-0.000,-0.889,0.000,-0.458),false},{2.30,CFrame.new(33.006,51.950,-22.590,-0.458,0.000,0.889,0.000,1.000,-0.000,-0.889,0.000,-0.458),false},{2.31,CFrame.new(32.723,51.615,-22.422,-0.458,0.000,0.889,0.000,1.000,-0.000,-0.889,0.000,-0.458),false},{2.33,CFrame.new(32.439,51.226,-22.255,-0.458,0.000,0.889,0.000,1.000,-0.000,-0.889,0.000,-0.458),false},{2.35,CFrame.new(32.154,50.782,-22.092,-0.458,0.000,0.889,0.000,1.000,-0.000,-0.889,0.000,-0.458),false},{2.36,CFrame.new(31.868,50.284,-21.932,-0.458,0.000,0.889,0.000,1.000,-0.000,-0.889,0.000,-0.458),false},{2.38,CFrame.new(31.583,49.731,-21.777,-0.458,0.000,0.889,0.000,1.000,-0.000,-0.889,0.000,-0.458),false},{2.40,CFrame.new(31.195,49.124,-21.568,-0.458,-0.000,0.889,-0.000,1.000,0.000,-0.889,-0.000,-0.458),false},{2.41,CFrame.new(30.752,48.463,-21.339,-0.458,-0.000,0.889,-0.000,1.000,0.000,-0.889,-0.000,-0.458),false},{2.43,CFrame.new(30.275,47.747,-21.093,-0.458,-0.000,0.889,-0.000,1.000,0.000,-0.889,-0.000,-0.458),false},{2.45,CFrame.new(29.900,46.976,-20.901,-0.458,-0.000,0.889,-0.000,1.000,0.000,-0.889,-0.000,-0.458),false},{2.46,CFrame.new(29.680,46.151,-20.791,-0.458,-0.000,0.889,-0.000,1.000,0.000,-0.889,-0.000,-0.458),false},{2.48,CFrame.new(29.493,45.271,-20.701,-0.458,-0.000,0.889,-0.000,1.000,0.000,-0.889,-0.000,-0.458),false},{2.50,CFrame.new(29.198,44.337,-20.558,-0.458,0.000,0.889,0.000,1.000,-0.000,-0.889,0.000,-0.458),false},{2.51,CFrame.new(28.734,43.659,-20.339,-0.458,0.000,0.889,0.000,1.000,-0.000,-0.889,0.000,-0.458),false},{2.53,CFrame.new(28.227,43.674,-20.104,-0.458,0.000,0.889,0.000,1.000,-0.000,-0.889,0.000,-0.458),false},{2.55,CFrame.new(27.703,43.788,-19.867,-0.458,0.000,0.889,0.000,1.000,-0.000,-0.889,0.000,-0.458),false},{2.56,CFrame.new(27.172,43.887,-19.631,-0.458,0.000,0.889,0.000,1.000,-0.000,-0.889,0.000,-0.458),false},{2.58,CFrame.new(26.637,43.944,-19.399,-0.458,0.000,0.889,0.000,1.000,-0.000,-0.889,0.000,-0.458),false},{2.60,CFrame.new(26.102,43.972,-19.167,-0.458,0.000,0.889,0.000,1.000,-0.000,-0.889,0.000,-0.458),false},{2.61,CFrame.new(25.566,43.984,-18.937,-0.458,-0.000,0.889,-0.000,1.000,0.000,-0.889,-0.000,-0.458),false},{2.63,CFrame.new(25.029,43.986,-18.708,-0.458,-0.000,0.889,-0.000,1.000,0.000,-0.889,-0.000,-0.458),false},{2.65,CFrame.new(24.493,43.980,-18.479,-0.458,-0.000,0.889,-0.000,1.000,0.000,-0.889,-0.000,-0.458),false},{2.66,CFrame.new(23.957,43.974,-18.249,-0.458,-0.000,0.889,-0.000,1.000,0.000,-0.889,-0.000,-0.458),false},{2.68,CFrame.new(23.421,43.968,-18.019,-0.458,-0.000,0.889,-0.000,1.000,0.000,-0.889,-0.000,-0.458),false},{2.70,CFrame.new(22.884,43.961,-17.790,-0.458,-0.000,0.889,-0.000,1.000,0.000,-0.889,-0.000,-0.458),false},{2.71,CFrame.new(22.348,43.954,-17.560,-0.458,0.000,0.889,0.000,1.000,-0.000,-0.889,0.000,-0.458),false},{2.73,CFrame.new(21.812,43.948,-17.330,-0.458,0.000,0.889,0.000,1.000,-0.000,-0.889,0.000,-0.458),false},{2.75,CFrame.new(21.410,43.943,-17.158,-0.458,0.000,0.889,0.000,1.000,-0.000,-0.889,0.000,-0.458),false},{2.77,CFrame.new(20.740,43.934,-16.870,-0.458,0.000,0.889,0.000,1.000,-0.000,-0.889,0.000,-0.458),false},{2.78,CFrame.new(20.204,44.800,-16.640,-0.458,0.000,0.889,0.000,1.000,-0.000,-0.889,0.000,-0.458),true},{2.80,CFrame.new(19.672,45.611,-16.401,-0.454,0.000,0.891,0.000,1.000,-0.000,-0.891,-0.000,-0.454),false},{2.81,CFrame.new(19.144,46.367,-16.153,-0.453,0.000,0.891,0.000,1.000,-0.000,-0.891,-0.000,-0.453),false},{2.83,CFrame.new(18.619,47.069,-15.899,-0.454,0.000,0.891,0.000,1.000,-0.000,-0.891,-0.000,-0.454),false},{2.85,CFrame.new(18.097,47.716,-15.639,-0.456,0.000,0.890,-0.000,1.000,-0.000,-0.890,-0.000,-0.456),false},{2.86,CFrame.new(17.578,48.309,-15.372,-0.457,0.000,0.889,-0.000,1.000,-0.000,-0.889,-0.000,-0.457),false},{2.88,CFrame.new(17.063,48.848,-15.099,-0.459,0.000,0.888,-0.000,1.000,-0.000,-0.888,-0.000,-0.459),false},{2.90,CFrame.new(16.553,49.332,-14.816,-0.461,0.000,0.887,-0.000,1.000,-0.000,-0.887,-0.000,-0.461),false},{2.91,CFrame.new(16.047,49.761,-14.524,-0.463,0.000,0.886,-0.000,1.000,-0.000,-0.886,-0.000,-0.463),false},{2.93,CFrame.new(15.546,50.136,-14.225,-0.465,0.000,0.885,0.000,1.000,-0.000,-0.885,-0.000,-0.465),false},{2.95,CFrame.new(15.050,50.457,-13.919,-0.467,0.000,0.884,0.000,1.000,-0.000,-0.884,-0.000,-0.467),false},{2.96,CFrame.new(14.557,50.723,-13.607,-0.468,0.000,0.884,0.000,1.000,-0.000,-0.884,-0.000,-0.468),false},{2.98,CFrame.new(14.070,50.934,-13.286,-0.470,0.000,0.883,0.000,1.000,-0.000,-0.883,-0.000,-0.470),false},{3.00,CFrame.new(13.604,51.091,-12.978,-0.462,0.000,0.887,0.000,1.000,-0.000,-0.887,-0.000,-0.462),false},{3.01,CFrame.new(13.172,51.194,-12.692,-0.458,0.000,0.889,0.000,1.000,-0.000,-0.889,-0.000,-0.458),false},{3.03,CFrame.new(12.773,51.241,-12.427,-0.458,0.000,0.889,-0.000,1.000,-0.000,-0.889,-0.000,-0.458),false},{3.05,CFrame.new(12.406,51.235,-12.184,-0.458,-0.000,0.889,-0.000,1.000,0.000,-0.889,0.000,-0.458),false},{3.07,CFrame.new(12.073,51.174,-11.964,-0.458,-0.000,0.889,-0.000,1.000,0.000,-0.889,0.000,-0.458),false},{3.08,CFrame.new(11.773,51.058,-11.765,-0.458,-0.000,0.889,-0.000,1.000,0.000,-0.889,0.000,-0.458),false},{3.10,CFrame.new(11.506,50.888,-11.588,-0.458,-0.000,0.889,-0.000,1.000,0.000,-0.889,0.000,-0.458),false},{3.12,CFrame.new(11.272,50.664,-11.433,-0.458,-0.000,0.889,0.000,1.000,0.000,-0.889,0.000,-0.458),false},{3.13,CFrame.new(11.072,50.385,-11.300,-0.458,-0.000,0.889,0.000,1.000,0.000,-0.889,0.000,-0.458),false},{3.15,CFrame.new(10.904,50.051,-11.189,-0.458,-0.000,0.889,0.000,1.000,0.000,-0.889,0.000,-0.458),false},{3.17,CFrame.new(10.770,49.663,-11.100,-0.458,-0.000,0.889,0.000,1.000,0.000,-0.889,0.000,-0.458),false},{3.18,CFrame.new(10.668,49.221,-11.033,-0.458,0.000,0.889,0.000,1.000,-0.000,-0.889,-0.000,-0.458),false},{3.20,CFrame.new(10.557,48.723,-10.964,-0.458,0.000,0.889,0.000,1.000,-0.000,-0.889,-0.000,-0.458),false},{3.22,CFrame.new(10.409,48.172,-10.879,-0.455,0.000,0.891,0.000,1.000,-0.000,-0.891,-0.000,-0.455),false},{3.23,CFrame.new(10.224,47.566,-10.779,-0.453,0.000,0.891,-0.000,1.000,-0.000,-0.891,-0.000,-0.453),false},{3.25,CFrame.new(10.003,46.905,-10.663,-0.453,0.000,0.892,-0.000,1.000,-0.000,-0.892,-0.000,-0.453),false},{3.27,CFrame.new(9.675,46.003,-10.496,-0.452,0.000,0.892,-0.000,1.000,-0.000,-0.892,-0.000,-0.452),false},{3.29,CFrame.new(9.451,45.421,-10.384,-0.455,0.000,0.890,-0.000,1.000,-0.000,-0.890,-0.000,-0.455),false},{3.31,CFrame.new(9.033,44.382,-10.176,-0.454,0.000,0.891,-0.000,1.000,-0.000,-0.891,-0.000,-0.454),false},{3.32,CFrame.new(8.755,43.718,-10.039,-0.456,0.000,0.890,-0.000,1.000,-0.000,-0.890,-0.000,-0.456),false},{3.34,CFrame.new(8.268,43.586,-9.802,-0.457,0.000,0.890,0.000,1.000,-0.000,-0.890,-0.000,-0.457),false},{3.35,CFrame.new(7.748,43.480,-9.549,-0.458,-0.000,0.889,0.000,1.000,0.000,-0.889,0.000,-0.458),false},{3.37,CFrame.new(7.224,43.315,-9.295,-0.458,-0.000,0.889,0.000,1.000,0.000,-0.889,0.000,-0.458),false},{3.38,CFrame.new(6.700,44.181,-9.041,-0.458,-0.000,0.889,0.000,1.000,0.000,-0.889,0.000,-0.458),true},{3.41,CFrame.new(6.175,44.992,-8.786,-0.456,-0.000,0.890,-0.000,1.000,0.000,-0.890,0.000,-0.456),false},{3.42,CFrame.new(5.652,45.748,-8.528,-0.456,0.000,0.890,-0.000,1.000,-0.000,-0.890,-0.000,-0.456),false},{3.44,CFrame.new(4.999,46.617,-8.203,-0.456,0.000,0.890,-0.000,1.000,-0.000,-0.890,-0.000,-0.456),false},{3.45,CFrame.new(4.610,47.098,-8.003,-0.457,0.000,0.889,-0.000,1.000,-0.000,-0.889,-0.000,-0.457),false},{3.46,CFrame.new(4.093,47.691,-7.734,-0.458,0.000,0.889,0.000,1.000,-0.000,-0.889,-0.000,-0.458),false},{3.48,CFrame.new(3.577,48.229,-7.461,-0.459,0.000,0.888,0.000,1.000,-0.000,-0.888,-0.000,-0.459),false},{3.50,CFrame.new(3.063,48.713,-7.185,-0.460,0.000,0.888,0.000,1.000,-0.000,-0.888,-0.000,-0.460),false},{3.51,CFrame.new(2.678,49.040,-6.978,-0.459,0.000,0.888,0.000,1.000,-0.000,-0.888,-0.000,-0.459),false},{3.53,CFrame.new(2.035,49.517,-6.632,-0.460,0.000,0.888,0.000,1.000,-0.000,-0.888,-0.000,-0.460),false},{3.55,CFrame.new(1.650,49.763,-6.425,-0.459,0.000,0.888,0.000,1.000,-0.000,-0.888,-0.000,-0.459),false},{3.57,CFrame.new(1.008,50.104,-6.080,-0.460,0.000,0.888,0.000,1.000,-0.000,-0.888,-0.000,-0.460),false},{3.58,CFrame.new(0.494,50.315,-5.804,-0.460,0.000,0.888,0.000,1.000,-0.000,-0.888,-0.000,-0.460),false},{3.60,CFrame.new(-0.019,50.472,-5.527,-0.460,0.000,0.888,0.000,1.000,-0.000,-0.888,-0.000,-0.460),false},{3.61,CFrame.new(-0.533,50.575,-5.251,-0.460,0.000,0.888,0.000,1.000,-0.000,-0.888,-0.000,-0.460),false},{3.63,CFrame.new(-1.047,50.623,-4.974,-0.460,0.000,0.888,0.000,1.000,-0.000,-0.888,-0.000,-0.460),false},{3.65,CFrame.new(-1.563,50.616,-4.703,-0.459,0.000,0.888,0.000,1.000,-0.000,-0.888,-0.000,-0.459),false},{3.66,CFrame.new(-2.058,50.555,-4.444,-0.458,0.000,0.889,-0.000,1.000,-0.000,-0.889,-0.000,-0.458),false},{3.68,CFrame.new(-2.518,50.439,-4.203,-0.458,0.000,0.889,-0.000,1.000,-0.000,-0.889,-0.000,-0.458),false},{3.70,CFrame.new(-2.942,50.269,-3.981,-0.458,0.000,0.889,-0.000,1.000,-0.000,-0.889,-0.000,-0.458),false},{3.72,CFrame.new(-3.331,50.045,-3.777,-0.458,0.000,0.889,-0.000,1.000,-0.000,-0.889,-0.000,-0.458),false},{3.73,CFrame.new(-3.685,49.766,-3.592,-0.458,0.000,0.889,-0.000,1.000,-0.000,-0.889,-0.000,-0.458),false},{3.75,CFrame.new(-4.004,49.432,-3.425,-0.458,0.000,0.889,-0.000,1.000,-0.000,-0.889,-0.000,-0.458),false},{3.77,CFrame.new(-4.288,49.044,-3.276,-0.458,0.000,0.889,-0.000,1.000,-0.000,-0.889,-0.000,-0.458),false},{3.78,CFrame.new(-4.536,48.602,-3.146,-0.458,0.000,0.889,-0.000,1.000,-0.000,-0.889,-0.000,-0.458),false},{3.80,CFrame.new(-4.749,48.105,-3.035,-0.458,0.000,0.889,-0.000,1.000,-0.000,-0.889,-0.000,-0.458),false},{3.81,CFrame.new(-4.927,47.553,-2.941,-0.458,-0.000,0.889,-0.000,1.000,0.000,-0.889,0.000,-0.458),false},{3.83,CFrame.new(-5.109,46.947,-2.837,-0.479,0.000,0.878,0.000,1.000,-0.000,-0.878,-0.000,-0.479),false},{3.85,CFrame.new(-5.317,46.286,-2.703,-0.484,0.000,0.875,0.000,1.000,-0.000,-0.875,-0.000,-0.484),false},{3.87,CFrame.new(-5.554,45.571,-2.542,-0.482,0.000,0.876,0.000,1.000,-0.000,-0.876,-0.000,-0.482),false},{3.88,CFrame.new(-5.821,44.802,-2.354,-0.479,0.000,0.878,0.000,1.000,-0.000,-0.878,-0.000,-0.479),false},{3.90,CFrame.new(-6.209,44.686,-2.068,-0.464,0.000,0.886,-0.000,1.000,-0.000,-0.886,-0.000,-0.464),false},{3.91,CFrame.new(-6.561,44.683,-1.814,-0.458,-0.000,0.889,-0.000,1.000,0.000,-0.889,0.000,-0.458),false},{3.93,CFrame.new(-7.155,44.547,-1.393,-0.458,-0.000,0.889,-0.000,1.000,0.000,-0.889,0.000,-0.458),false},{3.95,CFrame.new(-7.512,45.201,-1.141,-0.458,0.000,0.889,0.000,1.000,-0.000,-0.889,-0.000,-0.458),true},{3.97,CFrame.new(-8.115,46.224,-0.731,-0.471,0.000,0.882,0.000,1.000,-0.000,-0.882,-0.000,-0.471),false},{3.98,CFrame.new(-8.599,46.980,-0.407,-0.471,0.000,0.882,0.000,1.000,-0.000,-0.882,-0.000,-0.471),false},{4.00,CFrame.new(-9.088,47.682,-0.088,-0.470,0.000,0.883,0.000,1.000,-0.000,-0.883,-0.000,-0.470),false},{4.01,CFrame.new(-9.579,48.330,0.227,-0.469,0.000,0.883,0.000,1.000,-0.000,-0.883,-0.000,-0.469),false},{4.03,CFrame.new(-10.073,48.923,0.537,-0.468,0.000,0.884,0.000,1.000,-0.000,-0.884,-0.000,-0.468),false},{4.05,CFrame.new(-10.569,49.461,0.844,-0.467,0.000,0.884,0.000,1.000,-0.000,-0.884,-0.000,-0.467),false},{4.07,CFrame.new(-11.067,49.945,1.148,-0.467,0.000,0.885,0.000,1.000,-0.000,-0.885,-0.000,-0.467),false},{4.08,CFrame.new(-11.566,50.374,1.449,-0.466,0.000,0.885,0.000,1.000,-0.000,-0.885,-0.000,-0.466),false},{4.10,CFrame.new(-12.068,50.749,1.747,-0.465,0.000,0.885,0.000,1.000,-0.000,-0.885,-0.000,-0.465),false},{4.12,CFrame.new(-12.571,51.070,2.042,-0.464,0.000,0.886,0.000,1.000,-0.000,-0.886,-0.000,-0.464),false},{4.14,CFrame.new(-13.074,51.336,2.337,-0.464,0.000,0.886,0.000,1.000,-0.000,-0.886,-0.000,-0.464),false},{4.15,CFrame.new(-13.579,51.547,2.629,-0.464,0.000,0.886,0.000,1.000,-0.000,-0.886,-0.000,-0.464),false},{4.17,CFrame.new(-14.214,51.735,2.988,-0.464,0.000,0.886,0.000,1.000,-0.000,-0.886,-0.000,-0.464),false},{4.19,CFrame.new(-14.700,51.824,3.263,-0.459,0.000,0.888,0.000,1.000,-0.000,-0.888,-0.000,-0.459),false},{4.20,CFrame.new(-15.042,51.855,3.456,-0.458,0.000,0.889,-0.000,1.000,-0.000,-0.889,-0.000,-0.458),false},{4.22,CFrame.new(-15.468,51.848,3.697,-0.458,-0.000,0.889,-0.000,1.000,0.000,-0.889,0.000,-0.458),false},{4.23,CFrame.new(-15.859,51.787,3.917,-0.458,-0.000,0.889,-0.000,1.000,0.000,-0.889,0.000,-0.458),false},{4.25,CFrame.new(-16.216,51.671,4.119,-0.458,-0.000,0.889,-0.000,1.000,0.000,-0.889,0.000,-0.458),false},{4.26,CFrame.new(-16.538,51.501,4.301,-0.458,-0.000,0.889,-0.000,1.000,0.000,-0.889,0.000,-0.458),false},{4.28,CFrame.new(-16.825,51.277,4.463,-0.458,-0.000,0.889,0.000,1.000,0.000,-0.889,0.000,-0.458),false},{4.30,CFrame.new(-17.078,50.998,4.606,-0.458,-0.000,0.889,0.000,1.000,0.000,-0.889,0.000,-0.458),false},{4.32,CFrame.new(-17.296,50.664,4.729,-0.458,-0.000,0.889,0.000,1.000,0.000,-0.889,0.000,-0.458),false},{4.34,CFrame.new(-17.480,50.276,4.833,-0.458,-0.000,0.889,0.000,1.000,0.000,-0.889,0.000,-0.458),false},{4.36,CFrame.new(-17.661,49.714,4.935,-0.458,-0.000,0.889,0.000,1.000,0.000,-0.889,0.000,-0.458),false},{4.38,CFrame.new(-17.788,49.068,5.007,-0.458,-0.000,0.889,0.000,1.000,0.000,-0.889,0.000,-0.458),false},{4.39,CFrame.new(-17.850,48.489,5.042,-0.458,0.000,0.889,0.000,1.000,-0.000,-0.889,-0.000,-0.458),false},{4.41,CFrame.new(-17.878,47.855,5.058,-0.458,0.000,0.889,0.000,1.000,-0.000,-0.889,-0.000,-0.458),false},{4.42,CFrame.new(-17.881,47.168,5.059,-0.458,0.000,0.889,-0.000,1.000,-0.000,-0.889,-0.000,-0.458),false},{4.44,CFrame.new(-17.881,46.425,5.059,-0.458,0.000,0.889,-0.000,1.000,-0.000,-0.889,-0.000,-0.458),false},{4.47,CFrame.new(-17.881,45.421,5.059,-0.458,0.000,0.889,-0.000,1.000,-0.000,-0.889,-0.000,-0.458),false},{4.48,CFrame.new(-17.881,44.443,5.059,-0.458,0.000,0.889,-0.000,1.000,-0.000,-0.889,-0.000,-0.458),false},{4.50,CFrame.new(-17.881,44.413,5.059,-0.458,0.000,0.889,-0.000,1.000,-0.000,-0.889,-0.000,-0.458),false},{4.52,CFrame.new(-17.881,44.514,5.059,-0.458,0.000,0.889,-0.000,1.000,-0.000,-0.889,-0.000,-0.458),false},{4.54,CFrame.new(-17.881,45.588,5.059,-0.458,0.000,0.889,-0.000,1.000,-0.000,-0.889,-0.000,-0.458),true},{4.55,CFrame.new(-17.881,46.191,5.059,-0.458,0.000,0.889,-0.000,1.000,-0.000,-0.889,-0.000,-0.458),false},{4.57,CFrame.new(-17.881,47.128,5.059,-0.458,0.000,0.889,-0.000,1.000,-0.000,-0.889,-0.000,-0.458),false},{4.59,CFrame.new(-17.903,47.816,5.070,-0.455,0.000,0.890,-0.000,1.000,-0.000,-0.890,-0.000,-0.455),false},{4.61,CFrame.new(-17.981,48.600,5.108,-0.457,0.000,0.890,-0.000,1.000,-0.000,-0.890,-0.000,-0.457),false},{4.62,CFrame.new(-18.054,49.029,5.145,-0.459,0.000,0.888,0.000,1.000,-0.000,-0.888,-0.000,-0.459),false},{4.63,CFrame.new(-18.147,49.428,5.193,-0.461,0.000,0.888,0.000,1.000,-0.000,-0.888,-0.000,-0.461),false},{4.65,CFrame.new(-18.300,49.912,5.275,-0.463,0.000,0.886,0.000,1.000,-0.000,-0.886,-0.000,-0.463),false},{4.68,CFrame.new(-18.593,50.536,5.437,-0.468,0.000,0.884,0.000,1.000,-0.000,-0.884,-0.000,-0.468),false},{4.69,CFrame.new(-18.830,50.883,5.572,-0.466,0.000,0.885,0.000,1.000,-0.000,-0.885,-0.000,-0.466),false},{4.71,CFrame.new(-19.030,51.108,5.687,-0.464,0.000,0.886,0.000,1.000,-0.000,-0.886,-0.000,-0.464),false},{4.72,CFrame.new(-19.326,51.361,5.860,-0.467,0.000,0.885,0.000,1.000,-0.000,-0.885,-0.000,-0.467),false},{4.74,CFrame.new(-19.569,51.514,6.003,-0.464,0.000,0.886,0.000,1.000,-0.000,-0.886,-0.000,-0.464),false},{4.76,CFrame.new(-20.017,51.702,6.270,-0.469,0.000,0.883,0.000,1.000,-0.000,-0.883,-0.000,-0.469),false},{4.78,CFrame.new(-20.412,51.791,6.508,-0.466,0.000,0.885,0.000,1.000,-0.000,-0.885,-0.000,-0.466),false},{4.80,CFrame.new(-21.068,51.822,6.905,-0.471,0.000,0.882,0.000,1.000,-0.000,-0.882,-0.000,-0.471),false},{4.81,CFrame.new(-21.424,51.791,7.121,-0.464,0.000,0.886,0.000,1.000,-0.000,-0.886,-0.000,-0.464),false},{4.82,CFrame.new(-21.794,51.730,7.348,-0.464,0.000,0.886,0.000,1.000,-0.000,-0.886,-0.000,-0.464),false},{4.84,CFrame.new(-22.292,51.601,7.652,-0.466,0.000,0.885,0.000,1.000,-0.000,-0.885,-0.000,-0.466),false},{4.86,CFrame.new(-22.914,51.363,8.032,-0.469,0.000,0.883,0.000,1.000,-0.000,-0.883,-0.000,-0.469),false},{4.88,CFrame.new(-23.287,51.179,8.260,-0.464,0.000,0.886,0.000,1.000,-0.000,-0.886,-0.000,-0.464),false},{4.90,CFrame.new(-24.034,50.720,8.716,-0.471,0.000,0.882,0.000,1.000,-0.000,-0.882,-0.000,-0.471),false},{4.91,CFrame.new(-24.408,50.444,8.944,-0.464,0.000,0.886,0.000,1.000,-0.000,-0.886,-0.000,-0.464),false},{4.93,CFrame.new(-24.907,50.029,9.246,-0.466,0.000,0.885,0.000,1.000,-0.000,-0.885,-0.000,-0.466),false},{4.95,CFrame.new(-25.534,49.433,9.618,-0.467,0.000,0.884,0.000,1.000,-0.000,-0.884,-0.000,-0.467),false},{4.96,CFrame.new(-25.911,49.035,9.839,-0.463,0.000,0.886,0.000,1.000,-0.000,-0.886,-0.000,-0.463),false},{4.98,CFrame.new(-26.418,48.456,10.129,-0.463,0.000,0.886,0.000,1.000,-0.000,-0.886,-0.000,-0.463),false},{4.99,CFrame.new(-26.926,47.823,10.414,-0.462,0.000,0.887,0.000,1.000,-0.000,-0.887,-0.000,-0.462),false},{5.01,CFrame.new(-27.309,47.312,10.626,-0.461,0.000,0.888,0.000,1.000,-0.000,-0.888,-0.000,-0.461),false},{5.03,CFrame.new(-27.949,46.393,10.976,-0.462,0.000,0.887,0.000,1.000,-0.000,-0.887,-0.000,-0.462),false},{5.04,CFrame.new(-28.463,45.596,11.252,-0.460,0.000,0.888,0.000,1.000,-0.000,-0.888,-0.000,-0.460),false},{5.06,CFrame.new(-28.849,45.480,11.457,-0.458,0.000,0.889,-0.000,1.000,-0.000,-0.889,-0.000,-0.458),false},{5.08,CFrame.new(-29.496,45.473,11.792,-0.458,-0.000,0.889,-0.000,1.000,0.000,-0.889,0.000,-0.458),false},{5.09,CFrame.new(-29.884,45.473,11.992,-0.458,-0.000,0.889,-0.000,1.000,0.000,-0.889,0.000,-0.458),false},{5.11,CFrame.new(-30.405,45.427,12.253,-0.458,-0.000,0.889,-0.000,1.000,0.000,-0.889,0.000,-0.458),false},{5.13,CFrame.new(-31.056,45.434,12.579,-0.458,-0.000,0.889,0.000,1.000,0.000,-0.889,0.000,-0.458),false},{5.14,CFrame.new(-31.579,45.461,12.838,-0.458,-0.000,0.889,0.000,1.000,0.000,-0.889,0.000,-0.458),false},{5.15,CFrame.new(-31.971,45.482,13.029,-0.458,-0.000,0.889,0.000,1.000,0.000,-0.889,0.000,-0.458),false},{5.17,CFrame.new(-32.364,45.503,13.220,-0.458,-0.000,0.889,0.000,1.000,0.000,-0.889,0.000,-0.458),false},{5.19,CFrame.new(-33.019,46.576,13.539,-0.458,-0.000,0.889,0.000,1.000,0.000,-0.889,0.000,-0.458),true},{5.21,CFrame.new(-33.413,47.179,13.730,-0.457,-0.000,0.890,0.000,1.000,0.000,-0.890,0.000,-0.457),false},{5.22,CFrame.new(-33.937,47.936,13.985,-0.455,0.000,0.890,0.000,1.000,-0.000,-0.890,-0.000,-0.455),false},{5.24,CFrame.new(-34.724,48.968,14.368,-0.454,0.000,0.891,0.000,1.000,-0.000,-0.891,-0.000,-0.454),false},{5.25,CFrame.new(-35.117,49.438,14.559,-0.456,0.000,0.890,-0.000,1.000,-0.000,-0.890,-0.000,-0.456),false},{5.27,CFrame.new(-35.511,49.878,14.751,-0.456,0.000,0.890,-0.000,1.000,-0.000,-0.890,-0.000,-0.456),false},{5.28,CFrame.new(-36.035,50.416,15.006,-0.455,0.000,0.890,-0.000,1.000,-0.000,-0.890,-0.000,-0.455),false},{5.30,CFrame.new(-36.691,51.013,15.325,-0.454,0.000,0.891,-0.000,1.000,-0.000,-0.891,-0.000,-0.454),false},{5.32,CFrame.new(-37.216,51.429,15.580,-0.455,0.000,0.890,-0.000,1.000,-0.000,-0.890,-0.000,-0.455),false},{5.34,CFrame.new(-37.609,51.705,15.772,-0.456,0.000,0.890,-0.000,1.000,-0.000,-0.890,-0.000,-0.456),false},{5.35,CFrame.new(-38.133,52.025,16.027,-0.455,0.000,0.890,-0.000,1.000,-0.000,-0.890,-0.000,-0.455),false},{5.37,CFrame.new(-38.658,52.291,16.282,-0.455,0.000,0.890,-0.000,1.000,-0.000,-0.890,-0.000,-0.455),false},{5.39,CFrame.new(-39.314,52.547,16.602,-0.454,0.000,0.891,-0.000,1.000,-0.000,-0.891,-0.000,-0.454),false},{5.40,CFrame.new(-39.707,52.660,16.793,-0.456,0.000,0.890,-0.000,1.000,-0.000,-0.890,-0.000,-0.456),false},{5.42,CFrame.new(-40.329,52.779,17.096,-0.457,0.000,0.890,-0.000,1.000,-0.000,-0.890,-0.000,-0.457),false},{5.44,CFrame.new(-40.676,52.810,17.264,-0.458,0.000,0.889,0.000,1.000,-0.000,-0.889,-0.000,-0.458),false},{5.46,CFrame.new(-41.209,52.793,17.523,-0.458,0.000,0.889,0.000,1.000,-0.000,-0.889,-0.000,-0.458),false},{5.47,CFrame.new(-41.595,52.719,17.711,-0.458,0.000,0.889,0.000,1.000,-0.000,-0.889,-0.000,-0.458),false},{5.48,CFrame.new(-41.861,52.627,17.841,-0.458,0.000,0.889,0.000,1.000,-0.000,-0.889,-0.000,-0.458),false},{5.50,CFrame.new(-42.185,52.457,17.998,-0.458,0.000,0.889,0.000,1.000,-0.000,-0.889,-0.000,-0.458),false},{5.52,CFrame.new(-42.473,52.232,18.138,-0.458,0.000,0.889,0.000,1.000,-0.000,-0.889,-0.000,-0.458),false},{5.54,CFrame.new(-42.782,51.875,18.289,-0.458,0.000,0.889,0.000,1.000,-0.000,-0.889,-0.000,-0.458),false},{5.55,CFrame.new(-42.941,51.620,18.366,-0.458,0.000,0.889,0.000,1.000,-0.000,-0.889,-0.000,-0.458),false},{5.57,CFrame.new(-43.122,51.232,18.454,-0.458,0.000,0.889,0.000,1.000,-0.000,-0.889,-0.000,-0.458),false},{5.59,CFrame.new(-43.267,50.789,18.524,-0.458,0.000,0.889,0.000,1.000,-0.000,-0.889,-0.000,-0.458),false},{5.60,CFrame.new(-43.376,50.292,18.578,-0.458,0.000,0.889,0.000,1.000,-0.000,-0.889,-0.000,-0.458),false},{5.62,CFrame.new(-43.450,49.740,18.613,-0.458,0.000,0.889,0.000,1.000,-0.000,-0.889,-0.000,-0.458),false},{5.63,CFrame.new(-43.488,49.134,18.632,-0.458,0.000,0.889,0.000,1.000,-0.000,-0.889,-0.000,-0.458),false},{5.65,CFrame.new(-43.494,48.474,18.635,-0.458,0.000,0.889,0.000,1.000,-0.000,-0.889,-0.000,-0.458),false},{5.67,CFrame.new(-43.517,47.759,18.647,-0.458,0.000,0.889,0.000,1.000,-0.000,-0.889,-0.000,-0.458),false},{5.69,CFrame.new(-43.575,46.989,18.677,-0.459,0.000,0.888,0.000,1.000,-0.000,-0.888,-0.000,-0.459),false},{5.70,CFrame.new(-43.774,46.873,18.786,-0.458,0.000,0.889,0.000,1.000,-0.000,-0.889,-0.000,-0.458),false},{5.72,CFrame.new(-44.295,46.871,19.087,-0.458,0.000,0.889,-0.000,1.000,-0.000,-0.889,-0.000,-0.458),false},{5.74,CFrame.new(-44.667,46.802,19.313,-0.458,0.000,0.889,-0.000,1.000,-0.000,-0.889,-0.000,-0.458),false},{5.75,CFrame.new(-45.164,47.668,19.616,-0.458,0.000,0.889,-0.000,1.000,-0.000,-0.889,-0.000,-0.458),true},{5.77,CFrame.new(-45.656,48.479,19.929,-0.466,0.000,0.885,-0.000,1.000,-0.000,-0.885,-0.000,-0.466),false},{5.79,CFrame.new(-46.144,49.235,20.249,-0.470,0.000,0.883,0.000,1.000,-0.000,-0.883,-0.000,-0.470),false},{5.80,CFrame.new(-46.631,49.937,20.569,-0.470,0.000,0.883,0.000,1.000,-0.000,-0.883,-0.000,-0.470),false},{5.82,CFrame.new(-47.118,50.585,20.890,-0.470,0.000,0.882,0.000,1.000,-0.000,-0.882,-0.000,-0.470),false},{5.83,CFrame.new(-47.606,51.178,21.210,-0.470,0.000,0.882,0.000,1.000,-0.000,-0.882,-0.000,-0.470),false},{5.85,CFrame.new(-48.093,51.716,21.531,-0.470,0.000,0.882,0.000,1.000,-0.000,-0.882,-0.000,-0.470),false},{5.86,CFrame.new(-48.581,52.200,21.851,-0.470,0.000,0.882,0.000,1.000,-0.000,-0.882,-0.000,-0.470),false},{5.88,CFrame.new(-49.069,52.629,22.171,-0.470,0.000,0.883,0.000,1.000,-0.000,-0.883,-0.000,-0.470),false},{5.90,CFrame.new(-49.556,53.004,22.490,-0.470,0.000,0.883,0.000,1.000,-0.000,-0.883,-0.000,-0.470),false},{5.91,CFrame.new(-49.922,53.250,22.730,-0.467,0.000,0.884,0.000,1.000,-0.000,-0.884,-0.000,-0.467),false},{5.93,CFrame.new(-50.533,53.591,23.129,-0.473,0.000,0.881,0.000,1.000,-0.000,-0.881,-0.000,-0.473),false},{5.95,CFrame.new(-50.899,53.755,23.368,-0.467,0.000,0.884,0.000,1.000,-0.000,-0.884,-0.000,-0.467),false},{5.96,CFrame.new(-51.510,53.959,23.766,-0.473,0.000,0.881,0.000,1.000,-0.000,-0.881,-0.000,-0.473),false},{5.98,CFrame.new(-51.876,54.041,24.005,-0.467,0.000,0.884,0.000,1.000,-0.000,-0.884,-0.000,-0.467),false},{6.00,CFrame.new(-52.488,54.110,24.403,-0.473,0.000,0.881,0.000,1.000,-0.000,-0.881,-0.000,-0.473),false},{6.01,CFrame.new(-52.977,54.103,24.720,-0.470,0.000,0.883,0.000,1.000,-0.000,-0.883,-0.000,-0.470),false},{6.03,CFrame.new(-53.466,54.042,25.038,-0.470,0.000,0.883,0.000,1.000,-0.000,-0.883,-0.000,-0.470),false},{6.05,CFrame.new(-53.955,53.926,25.356,-0.470,0.000,0.883,0.000,1.000,-0.000,-0.883,-0.000,-0.470),false},{6.07,CFrame.new(-54.444,53.756,25.673,-0.470,0.000,0.883,0.000,1.000,-0.000,-0.883,-0.000,-0.470),false},{6.08,CFrame.new(-54.811,53.593,25.912,-0.467,0.000,0.884,0.000,1.000,-0.000,-0.884,-0.000,-0.467),false},{6.10,CFrame.new(-55.423,53.253,26.309,-0.473,0.000,0.881,0.000,1.000,-0.000,-0.881,-0.000,-0.473),false},{6.11,CFrame.new(-55.790,53.008,26.547,-0.467,0.000,0.884,0.000,1.000,-0.000,-0.884,-0.000,-0.467),false},{6.13,CFrame.new(-56.401,52.531,26.944,-0.473,0.000,0.881,0.000,1.000,-0.000,-0.881,-0.000,-0.473),false},{6.15,CFrame.new(-56.768,52.204,27.182,-0.467,0.000,0.884,0.000,1.000,-0.000,-0.884,-0.000,-0.467),false},{6.16,CFrame.new(-57.380,51.592,27.580,-0.473,0.000,0.881,0.000,1.000,-0.000,-0.881,-0.000,-0.473),false},{6.18,CFrame.new(-57.869,51.040,27.897,-0.470,0.000,0.883,0.000,1.000,-0.000,-0.883,-0.000,-0.470),false},{6.20,CFrame.new(-58.360,50.434,28.211,-0.469,0.000,0.883,0.000,1.000,-0.000,-0.883,-0.000,-0.469),false},{6.21,CFrame.new(-58.730,49.944,28.444,-0.466,0.000,0.885,0.000,1.000,-0.000,-0.885,-0.000,-0.466),false},{6.23,CFrame.new(-59.348,49.058,28.832,-0.470,0.000,0.882,0.000,1.000,-0.000,-0.882,-0.000,-0.470),false},{6.25,CFrame.new(-59.722,48.486,29.060,-0.465,0.000,0.886,0.000,1.000,-0.000,-0.886,-0.000,-0.465),false},{6.27,CFrame.new(-60.347,47.465,29.435,-0.468,0.000,0.884,0.000,1.000,-0.000,-0.884,-0.000,-0.468),false},{6.28,CFrame.new(-60.849,47.341,29.731,-0.460,0.000,0.888,-0.000,1.000,-0.000,-0.888,-0.000,-0.460),false},{6.30,CFrame.new(-61.352,47.338,30.024,-0.458,-0.000,0.889,-0.000,1.000,0.000,-0.889,0.000,-0.458),false},{6.32,CFrame.new(-61.858,47.257,30.314,-0.458,-0.000,0.889,-0.000,1.000,0.000,-0.889,0.000,-0.458),false},{6.33,CFrame.new(-62.365,47.134,30.600,-0.458,0.000,0.889,0.000,1.000,-0.000,-0.889,-0